
7440825508	validation	((100, 10), (100, 1))	Mon_Sep_16_18:10:31_2024	0.0	(0.0091, 0.0013)	0.103	[0.93 0.74]	
2384690880	train	((900, 10), (900, 1))	Mon_Sep_16_18:10:31_2024	0.0	(0.0096, 0.0014)	-0.044	[1.13 0.84]	
6717955717	validation	((100, 10), (100, 1))	Mon_Sep_16_19:13:20_2024	0.0	(0.009, 0.0009)	-0.146	[1.15 0.79]	
8601440391	train	((900, 10), (900, 1))	Mon_Sep_16_19:13:20_2024	0.0	(0.0094, 0.0011)	-0.036	[1.04 0.78]	
7202805136	validation	((100, 10), (100, 1))	Mon_Sep_16_19:13:26_2024	0.0	(0.0092, 0.002)	0.069	[1.74 1.07]	
3823358212	train	((900, 10), (900, 1))	Mon_Sep_16_19:13:26_2024	0.0	(0.0094, 0.0009)	-0.018	[1.71 1.01]	
7510806806	validation	((100, 10), (100, 1))	Wed_Sep_18_21:30:52_2024	0.0	(0.0076, 0.0009)	-0.107	[1.09 0.76]	
4901350557	train	((900, 10), (900, 1))	Wed_Sep_18_21:30:52_2024	0.0	(0.0078, 0.0008)	0.049	[1.06 0.77]	
9424774981	validation	((100, 10), (100, 1))	Wed_Sep_18_21:30:55_2024	0.0	(0.0086, 0.0011)	-0.088	[1.82 1.02]	
8728840747	train	((900, 10), (900, 1))	Wed_Sep_18_21:30:55_2024	0.0	(0.0077, 0.0007)	0.056	[1.65 0.97]	
2948774205	validation	((100, 10), (100, 1))	Wed_Sep_18_21:43:11_2024	0.0	(0.0078, 0.0007)	-0.056	[1.13 0.79]	
4074907753	train	((900, 10), (900, 1))	Wed_Sep_18_21:43:11_2024	0.0	(0.0075, 0.0004)	0.008	[1.06 0.79]	
8646856789	validation	((100, 10), (100, 1))	Wed_Sep_18_21:43:14_2024	0.0	(0.0077, 0.0006)	-0.027	[1.83 1.02]	
2420888223	train	((900, 10), (900, 1))	Wed_Sep_18_21:43:14_2024	0.0	(0.0073, 0.0005)	-0.003	[1.72 1.04]	